7484602
3890045
1429670
3692263
72377
2177607
8014276
5289950
5158831
7810242
479240
3773249
2476476
2582868
8594006
7097753
7896622
7984086
3972282
1300014
7069837
5632773
5342631
1078024
7131392
2406127
3165049
3162115
3600687
7205594
5562601
714082
5606609
5204467
4569695
7572406
3179874
9201576
1920646
5744640
4175353
8208854
6934979
3333224
9641860
7783512
2124938
3636320
7738959
7453639
6284908
528481
2238443
9767825
3750023
1876703
8949014
5560036
931007
4673363
2149668
1597067
2000677
131757
4732381
3609848
2241723
530973
936827
2761016
5398561
6851214
2098675
3036665
4323454
7542989
5299500
1949533
3476393
6707564
204276
1190235
338145
891286
3734610
874389
4008425
4606390
102536
664023
8969053
485400
5502388
9512400
4204577
4288638
6131232
7960511
2856275
7323174
8338127
2298449
9428684
1457473
5783118
6475273
3856088
426965
7043113
7173601
4754987
3543442
2338856
2386127
5685593
7913259
203219
3262136
2436544
4868821
7791048
2472479
2973235
7797682
1318343
6830947
3176259
5897756
4264904
578855
5250536
723972
9747242
1746857
1088673
4364796
3603842
2810973
797707
609912
9349961
3843510
9082878
6013104
7321840
2866843
2957104
2400471
1675191
340018
1601660
6630750
9137210
8988416
521003
9381401
3902893
5383837
8032854
8943088
3576316
6965722
8668603
1185892
2238029
421386
1485319
9343849
3940818
4815458
5137096
867411
3304685
5328532
3660012
697849
5514059
9520646
7427815
7125005
1448177
871688
8606614
6449343
4971541
5437582
3045640
3679088
1298624
1928167
1183041
6970863
6486381
5242607
6708424
4498487
7664870
1425869
8858502
4999431
8539341
1492183
580149
2154915
3734732
9640687
4098437
9393520
9059640
1369982
7507626
8130963
8296711
3168011
3423671
9552321
2541783
5874601
447985
4181459
3993474
6285512
9718420
3852538
1511076
894665
6494245
107623
6106136
2412367
3343457
1321552
9421285
7944019
3077695
3369004
9451138
2171216
7560380
463500
9122395
3333288
2845549
471940
5883324
6264910
4176016
5894441
5264946
9209773
3281754
7502110
8444246
6726760
1525886
3593562
5565445
8533142
5884385
1929918
5465124
2282307
4405751
8706770
8214763
5228372
973278
1367131
2589085
8487187
4747080
7704089
8807714
2472787
2316521
3158993
5363206
9681810
7467828
5826312
7195878
876464
7332667
4563810
4770672
6763815
3347941
8746050
5732231
9670908
802401
230208
8611395
7583275
1392902
5737098
693833
701093
3501107
3861983
1304334
46550
5955264
2753910
3849994
3185810
7811817
3928752
3309132
6688179
478907
3076349
1170928
7669264
9143072
2386813
3374767
9820285
192283
4857784
9596454
9750427
4903065
2490594
6111793
1778286
8079594
5384721
2485437
6339076
4673079
3962593
6853762
7580362
262836
1891167
6233622
9652112
9240025
6494848
3631294
8926241
703716
1856772
3557104
4944216
4082391
5053966
2810984
5300444
6051091
8787813
7242873
3835942
4320668
5406327
8856631
8548376
8660386
6503602
9555584
4239933
9050818
4759696
8033731
2306743
1924588
1275504
12111
9938456
5161613
4473281
3697911
1005987
435247
6174315
3505139
5452029
6247159
6944247
1008383
3252538
7854117
8180209
8699798
5332522
7924010
6281960
4394325
8081464
5419341
6678089
2025374
1712837
9744615
3027823
8445164
8988593
1360812
797779
8339238
6109025
1926186
132014
932744
9613219
9260313
926138
6022311
4506291
6087554
4299030
8090496
4180646
9252853
5722317
5620646
2718756
1925759
1554695
8645352
1137331
9946639
1671104
5466505
5357678
1406907
2415805
2308482
4103247
188353
6252060
6833258
1378881
9828256
379273
5811423
2490922
3623709
9012293
4152014
3007247
2309986
2585709
1406380
46889
5721407
156785
1468362
4018761
9243183
8423061
980471
4824996
2456318
2539688
6547603
6439230
9301716
1196823
9873131
4128754
8413575
7844543
8211436
2511739
8331908
12580
3997201
570654
2929358
6486786
9999199
4330361
760842
5731587
6782541
8000093
9567538
597166
1932984
1803757
3978022
1347634
9601986
8961735
2206143
2091214
8802553
8002447
8519959
5177633
4962299
7067598
4927590
1447361
1570451
3800354
5917892
8424427
8187661
2073092
3636052
7333342
151702
7188614
5382479
8581170
8781771
4028933
3096403
1129517
9505391
6783593
1956494
7606973
8314450
3146000
9889386
1803
9485068
4393094
8547877
433004
7817702
4676150
9388855
8988829
5059132
1147879
9432251
9776153
8457592
536149
6133265
7435042
6977654
7631204
7741076
1208450
2318219
7625191
9789064
5922691
2062651
8919557
91636
2163803
3556829
6567746
238718
5220629
8726293
3338182
3602421
9383484
117086
2851111
9354612
4296811
8836454
134071
4492617
4915325
3505238
2637548
1212969
9698873
8790025
4020730
3671079
5662634
1834853
8100992
4558709
3870275
4966385
1379521
9287291
619867
9354068
2989971
1283247
5920840
9607409
9417835
6149591
7019788
9005296
8168743
7109084
5302602
3781842
5654510
8673829
9043287
155282
3443315
5010797
4119209
6220260
7202824
9114917
688427
9257529
3931284
5964569
3114789
2639059
6692400
260753
5698497
5547567
3611246
3270857
2767186
4108659
1327254
9633543
3140762
6801320
2627681
5116964
2324089
7827004
6530658
2917632
8897671
9727819
335673
3452196
3137433
6948942
323048
4409112
8244833
7692547
8105898
9603591
5944687
9602180
7626237
286485
5290260
5020219
955056
7048759
221751
3257753
3958358
4140625
897445
9790399
19565
7959160
2959138
5633921
8012402
1825174
4592674
1916447
5721064
4461253
3886634
2304003
5775773
4156978
1894858
5102564
1082098
6106577
239715
7408471
2561324
5273246
2281462
2886078
5114043
5370635
3242923
7847675
5337743
1664642
7711199
3801112
7156113
3588654
638292
5064818
3135977
3651429
9256274
3991710
2648514
8569006
2617905
9004998
3852538
3306317
9444100
6001512
4119828
3156327
5159468
8963748
72385
1840323
2094224
8522845
2163029
8906249
4469514
8906650
7455104
371219
7592766
5504577
9909076
1040583
6328878
9775928
5869999
7259951
9239396
2922116
1298127
1639199
3825539
2113733
9241322
5892518
9193346
2194449
3609486
7499544
9450161
6073949
3414126
9556970
7165822
1667036
215916
5180069
5281132
2677606
7194844
5384985
2592705
6824150
3849523
4713322
882753
2030482
3151641
5822041
6034790
7142249
3596155
4257045
3603974
1693305
5706772
2419382
2954875
8103686
9742447
2428091
3061727
3126497
6998844
8336470
4998978
6655208
3491134
9763030
822713
7472510
9881665
1379791
2726014
5535514
2908022
3204162
5804097
2064112
5012196
2745543
2988346
2498958
2037715
4828014
2784325
4019434
3743855
8752457
3713512
9934431
1651629
4207166
2357315
5856395
1033478
8374182
6688242
4099436
6241412
6774307
5359657
9701889
3738799
3717183
5584722
3130443
6087614
1591396
8402595
7203158
633032
3220139
9105972
9900901
2742152
5030979
3018420
1743606
2233233
1113465
4458058
6050680
9034693
2428867
2544823
4980586
4702918
388854
2146298
932773
1350577
9243180
7385591
5403703
5759983
1962497
3704049
3536092
4684817
1113832
998043
4373414
4666091
7370234
7884085
5639351
249431
5218199
7695508
3162451
5860511
6384241
6675740
507743
4610507
4411423
6234608
6030817
9192208
3975953
9434542
8028559
6836139
5124413
9421998
1752602
9665063
403125
9466266
7525951
2308438
6682391
5883808
3098466
8121105
6119744
5019785
7400007
9537553
5357645
3915383
9784953
5852856
9182506
6333060
9225522
3100420
1123716
6261721
1652782
2499020
1720187
4251405
706131
708145
7691420
5974288
2707489
3150041
7248009
9715284
301978
5620381
5043789
3224464
5722020
9013857
883977
5738594
8456796
188059
3626091
4734940
4273270
251887
4057870
277564
7817162
4017632
2028716
7129727
3408616
4427134
5469107
1559784
5369570
4227156
8000584
258843
3691574
3339825
2667917
4350326
5703875
8920194
9862392
7968445
5709027
7524779
118069
6337272
8800770
6447140
9835862
576612
2487385
3364312
7513785
7027198
5853514
4803260
4833344
6477990
6509273
9670039
4568023
5779135
9452821
9914577
295861
1386129
246610
3587170
682811
7817850
2883136
4057127
612460
5847692
8078426
8956840
7498985
5261881
5602236
4054913
7030553
7118904
4354895
3420328
9014496
5903759
5715305
6030084
463057
9560017
2080358
5320492
9732645
7251159
4310058
6716303
2716240
8895647
4203914
1465832
9064130
6438509
7450396
9797306
3479988
1589680
1483367
550484
3503353
2423350
5808263
5642471
3465384
5391706
8720547
527947
9858470
728213
9260307
7127601
2295476
1146916
5074897
2427520
7020656
4418604
8341530
9161651
720546
9437356
8920867
1766186
3531136
9310499
5961791
5539549
6676592
6934665
486262
1719270
4531642
5560186
98103
6452713
2606637
3774472
6077548
2231940
7011264
9528166
1061823
7730796
5371053
7168515
751371
5609135
8526881
4661223
7264120
9867360
89325
9162139
6581758
1863321
3711151
8315715
6576630
2909232
1944831
8244283
648420
6484865
9350783
130286
6325097
4374158
3807792
3802893
7550936
7869148
9067847
8632406
9420397
5060544
5590972
9231466
4669821
5664742
2814416
6312198
3055803
4513371
2742778
662429
1173300
1932150
3448063
5838887
3145944
3926307
5978117
4616524
5471251
7729790
564006
6059958
826429
597961
2066586
2362002
7131662
2061741
3701252
2282722
4928321
5700818
4492210
3223031
8390568
1031877
7581853
522409
1437822
6029249
6871411
8051774
2202999
4254094
8263882
5570829
4202525
4111810
9187484
2292334
4300749
3250667
1225823
5308992
852283
384947
1372031
5636632
4876270
1707183
1858078
4964065
1339878
7008759
328670
4395948
3263832
6795343
6326913
681989
1747628
6793187
564593
3641140
6003806
3735194
3171618
2000432
8270796
3784781
3480677
724220
7519202
1199134
9612108
5504865
243645
7085217
5116687
7288955
1849707
9737786
4188478
5447483
7218069
9897167
8432267
454488
1109016
8002002
4525984
1680943
699432
5690774
698097
1458726
6553337
3836637
9430126
5363780
7109336
1406775
4302673
1049200
4976757
9437925
6886146
669931
1725921
2355974
8830483
3849547
6014346
8113594
9695576
7567386
640507
2424381
7251608
270644
4383900
5439368
4796900
6816143
8948675
9798179
1226883
8438208
3827853
6323423
7863810
9605968
1972898
9769121
7095083
8018434
5084871
2807453
6389383
51881
4521645
9285775
3497635
3025273
706318
3627683
9853131
3619530
7989024
6219204
8753400
948766
9548083
2638302
4295344
6465568
999300
2471828
8120880
1585860
5923360
2782206
2644605
9732390
6814237
6995175
1624880
3303160
8501578
9814144
5162443
8477706
8466590
3574273
9776223
9049780
1316248
4790175
157366
2721424
3977549
2608599
6862447
7192198
8421673
2802205
7193149
4631430
4253497
9020355
5714144
158092
9290612
2862804
4673390
5795665
3901213
5361691
7282378
4113775
1209100
3745751
9229980
1159004
4931813
9298352
9877521
2127124
688523
1966152
9915890
7486940
7873944
3272601
1654785
9617950
1561097
1481034
1142710
4633499
9152207
8044732
2132011
9387752
8317924
9952300
9772458
5656694
7097280
2757857
1396974
6836676
5193331
3725947
275434
497651
7517995
6311311
2089986
5504489
1377611
5204985
128755
9711791
3155584
5590762
4515060
1869875
5322178
7144621
340804
55735
5735732
1292485
258599
5007726
1157565
398841
9112804
1302656
3347104
6083521
661343
8874533
1170896
8527144
5193627
1052760
8330873
7167188
1276872
5972588
5867221
2868324
9326946
6928980
6006897
8361990
9555635
1277571
3546203
6844204
4742910
5755888
3997938
458665
8667993
7193963
4169446
7599779
662556
7652128
3900680
9230764
2282477
6299840
957586
5840194
5030235
3842455
5647352
4864026
8885714
6295997
218554
7139073
3947625
2856222
6886632
7134729
5437753
7936425
915722
5192330
767033
8812804
3018675
8154278
1768338
541340
3262601
3935849
6123903
5724573
1980288
3507101
8098386
4811180
2343540
2426834
5891437
8869256
9740155
7766887
6178811
2110382
4522082
6398302
1586371
9363509
7597351
7778124
6846751
3103479
6478750
7049209
9125388
6109511
9799844
9478852
1916337
5990866
4316045
4488957
7472621
832752
4039782
5073406
4038
4730306
6445985
6984162
5679333
404499
2413888
3565527
8892008
2980950
8347861
4879136
94257
7425257
5463271
9221730
4347578
5150793
4923288
8340595
120253
6906324
2052551
3326411
7027960
7494216
2566062
8089318
9758656
595580
7937181
2155573
7772294
5573247
1512149
1537095
851413
2049286
4464044
8480743
6885257
4071954
1241414
3162213
5678981
4529775
279310
3720335
115301
8988667
8764860
7206871
7471453
8284524
856887
5829657
5581649
5939139
5319173
527490
3961979
1975308
6730434
869756
3283315
3265491
6990911
6766506
7783353
5914829
3424986
7194423
2338893
3697746
728649
6559159
8279752
7593648
4243850
3369990
3027863
2312817
2197372
878537
4202452
3688518
3125028
4100906
1829824
7058103
8077632
3501498
7121513
1901203
7886460
2211686
1990524
6137589
8086847
7469115
132147
3161654
1895743
1276801
5098390
841409
5978624
639171
5827049
3035989
8455989
4536508
4059274
9918160
5449864
9836715
5352509
9814050
7733721
3158885
4030131
5609067
4792026
731197
6223053
2575952
7977341
8837963
3948014
9436280
4009375
964954
6679634
7433961
6880670
667031
1424030
4658134
1943620
5067198
7550103
4405164
3007900
1943427
2361690
5938635
756838
1475217
5357713
7459841
1031611
4853371
1083637
642458
275235
6694695
9266324
7753897
1216749
4071950
4711856
9157196
1677977
1019118
483097
4398121
1225651
5610991
9040102
1875640
7878096
7422141
3563172
3150860
6145577
3699308
6287363
8164190
4535774
340387
8221301
9453227
6045421
4849736
5280734
9192909
4068919
5103639
4958984
3278856
506514
1289892
3745020
2983225
419515
2707182
7997541
7660208
6015917
5767591
3196981
3546217
8366768
8978329
8861070
4653166
4017729
9192749
92869
5942516
7640617
232142
5480835
4421055
499008
6684721
5039161
1427101
3752740
5284514
1978148
7307847
4384267
5163838
884494
9503582
1701218
8379865
4600695
8994632
5821687
4966430
2853704
3793691
8147318
6710703
8262336
1026024
1073744
7563006
2120517
8969015
5852524
3208805
9725878
9832663
9634845
441504
2385123
6973534
5975569
3375862
6224537
9300957
2680381
3170386
1881576
7242329
2618931
1982537
8218002
3921169
643409
4031399
1325282
1782045
6729610
4052761
6650613
2146023
6094705
8053168
4552893
1611076
2327264
8110066
2951074
2325391
6119999
7034510
5175002
957148
2961021
8032806
7540075
8837471
1987232
5965511
686886
4789434
7521790
1376563
8194194
2150077
3080318
4663880
7169112
404973
5372329
2610508
7766006
8172864
594103
619647
6455960
4987532
2740909
6737926
2408022
2322385
8343071
7611829
8169577
1622764
423056
4907613
4327899
6826864
9106444
4367556
6568252
609367
9106719
6811537
8930911
4711045
3549446
624025
5730345
5481546
7745086
2779646
8316654
9089113
6012047
774645
3382932
8168380
7352394
3291847
2802416
6203702
2602381
8050050
4977873
2047435
8418524
2712767
5959987
3210369
5252569
6670589
6961506
7206318
462815
6880994
8767457
3241147
4515042
7429593
6706038
7569575
7233954
6173604
5952422
7929490
2433942
6391981
5060136
8859361
4058684
8385487
9662688
1999883
2659734
9926858
5329576
3075803
7369124
1857235
426212
5920990
1097749
5546954
2759778
1280777
2171056
5602639
7570319
1322599
7686114
4535345
3617870
8871248
5930074
7146558
3474956
3653794
5910693
1432194
112090
8355599
462549
1802893
1496848
7239895
191255
3312056
7962982
3776446
2409378
7678626
4250708
4927038
6856019
541728
1477641
4818358
8606237
3119194
5073498
7215299
3720739
7637729
7778596
9824544
7864585
1013224
8273475
7547294
681209
9897201
2534345
8629208
2264070
2561500
6293010
8535499
2352172
7563623
5936590
2676755
7407080
294726
6594236
3239472
2332331
6692956
1848154
8865741
1508038
2303909
4064294
6595203
5936175
2117414
7518147
7468705
4924944
3818853
3709049
4462513
7111511
2210764
1796924
756405
3339508
8391662
1856836
3483010
4981151
4234742
4017920
3307777
6446134
3445109
954035
1293159
5229849
9505085
2423745
3956246
9213807
1122167
2796493
9352429
8438088
1188306
499531
2910187
7266721
569144
7374047
8439143
5226252
9944552
6347969
3697693
9523213
5567316
5454455
508606
869151
6908313
8526552
7618885
1365918
6862113
4444738
3894390
7892154
9994895
6857039
5892207
8448121
4964775
1854926
8707296
5275252
4752131
2767488
3765257
4997917
4286760
260980
7621799
944915
4459388
4410084
9591454
3964017
8325281
6051530
6588973
1313572
9465323
6346590
2712493
2728300
6557818
9897439
6532973
1275807
5809849
4543031
1914558
6874712
3644817
7794452
5978055
1188983
5427285
618468
4635690
5093218
6318486
593625
757045
3457456
9147823
1494254
4013858
3552003
8020431
7398071
8261979
9115041
9985242
7973973
7674491
2296286
8827871
4409551
983756
6190438
8735532
4190321
9777489
8877436
8695701
2413198
747927
7699008
9728940
5127228
7542303
4681778
9848707
1192134
1936596
9571815
508812
3002525
5916429
648026
684376
438425
3826360
9737521
2382776
2812475
2388018
1449065
8309032
8398787
9541475
168427
6023206
5887028
2965106
4877286
7296325
334404
2169772
2167707
6956651
1876996
6584026
8335606
2443438
940465
2953161
5388226
8260345
680381
2428788
398258
6584937
3183591
3108204
676465
4189682
7695849
4825492
5014568
7928410
9612326
8208069
5259173
1754318
7307073
5902223
3433108
1605809
9150967
8769300
6967124
7485713
3762076
3823089
5781337
6006021
9419475
2743574
2860154
3263709
426953
7749581
1031204
6360457
6696742
2833174
6195359
5001447
4608570
2062129
2403528
6386730
7686495
7452151
8667691
1446032
6329449
9792705
3225549
3035609
9115565
9406943
9881812
9212834
8346313
1215018
8718569
922765
6320824
9999583
6946519
1528268
6021902
194471
8738817
3726281
9179593
9303794
3463221
2831598
9379301
2157211
2193847
2965858
3561469
4007422
8355553
6737806
1883176
2085211
279693
5790820
2855659
5192635
6891088
4484617
7437379
1613370
5151167
1745551
4232577
5201058
3909116
5650819
1908792
3272410
7845693
7248974
2865417
3718243
6178973
6837990
8526030
44793
824167
9366714
3155552
3642587
7454903
7850833
5780347
8446020
8806487
5092316
4620633
7816236
8004162
9455151
5141644
6352271
7528504
2535574
2576319
8777363
4146116
9460175
2482345
7191354
3327890
1861621
9382009
2954954
8825807
5012306
6791670
4952919
682132
6951416
654595
2716162
2525879
8556084
4239398
3975890
847135
7656533
4571395
9773633
6720319
3816263
7716692
6692080
3496199
6606707
9021307
8696392
8152238
5561423
5033726
768798
3531010
455857
5630529
906283
8831896
6762762
4599120
7876715
1246490
2685723
3197537
943819
4069550
2424162
9983316
239123
1799865
1912702
7041439
8396545
8008792
7725039
8911487
6587006
9130625
7736985
8342620
2358574
6490326
4240503
7357137
317998
947575
3012356
5026382
6691804
3097200
3612633
2638399
3280698
4609283
2185436
1233498
2020380
2953514
4803285
8156504
5433089
3484445
4071774
7220560
8173577
1490433
5867705
1760137
9513188
9017186
4468251
1732190
1074976
8188834
9600713
9408347
9596457
7851257
9047201
9373628
7028548
6365105
7127165
4283990
1211153
5080043
5399057
1957435
5716013
798268
3989862
151231
3739864
6476559
8381257
4043472
6724300
5705649
6469535
5207688
3698843
7308692
4546274
4874447
9098917
8089771
3902987
7129846
7512847
2802785
7219405
7112231
2032389
3403636
5865790
4534760
2481668
3279854
7898403
8075029
9578020
6479215
5816689
3830056
4580280
3442781
6670153
2353031
9607914
1129031
6247054
6144093
927095
4905926
6416104
2875075
1450264
7128286
8989835
4786425
4332835
4996970
5518017
8990887
7757693
4168432
4815623
5048057
8677250
8370859
2779104
3248343
9801591
8039205
5214130
693778
4702901
6766560
9529217
7286594
9023430
313929
2417806
5161788
2024988
4928080
483808
4006691
3237547
7438214
7490775
2969980
5005564
3311573
7851427
5460987
2225432
6468829
3540435
2301404
5521847
663323
6156136
1119938
3488432
5243352
5462809
4986247
485733
9915843
4817437
1615549
1373223
4599660
2202104
6801925
9761156
6117243
1386773
4678848
3045056
1202426
9080729
2000278
2830165
2398947
8222314
7518953
3185896
299053
2844225
7479736
8917608
4276008
1676039
1886603
4896869
7214893
3946190
6855494
7927839
3782586
501894
8565983
9725220
2036627
4982282
5345694
2788795
4911308
5812972
5454868
1263193
6504926
4170626
5600335
2460303
3321723
7494966
1935960
7468120
2255776
4474487
6782564
3409294
159778
5497312
4018279
10461
5769703
8127209
762350
8450852
3026372
5369173
4933454
356355
3481444
9443362
4186799
6075712
9585740
374728
950909
6483622
6564555
6712409
22234
6784103
4552585
1032370
3437096
7641635
1383417
2707963
4720995
4233783
1334807
6050440
3514573
1642092
1769756
5650231
2842968
3689869
3740085
9260332
9370518
7167871
4111754
2327093
1940167
9543636
5164500
1824507
7835356
2754117
6079996
4107954
400150
740390
2355879
3315320
8979719
9104247
1053330
5980538
1761380
7559525
4306041
689800
2310346
77441
5380892
2206312
725032
5692815
3166759
7050625
6989355
1508201
3439663
7650386
5985826
6129403
4267865
2101820
2395625
4194576
3541039
3670544
4960974
357656
3633040
1569606
2635991
7796599
7365103
9239345
3744538
1981016
7647120
1034643
8384528
7001935
3920574
1367956
7798353
4694609
4623006
6473864
3607319
2878884
5114548
7157383
6743048
5357865
3743817
249081
690426
3919533
3992794
1200149
5767302
7592878
7261717
6184163
2981538
3414260
1100980
9538364
8464357
4570137
9800514
5415236
3316610
3375106
1086382
9802697
8417494
2440870
1384619
8412119
4579403
2870147
7858864
1307475
3618576
6503369
5213147
464451
3318055
2844402
330059
51071
8965680
5359882
7854988
3044672
908953
8646946
7825953
2094211
7089240
5503876
5910476
5882937
7166589
9890227
2081123
1120671
7461469
1393055
6160899
6574568
8339262
6352007
8433862
718973
1436209
9828440
4914798
5851497
7591004
701666
5367572
2003474
4548527
4878605
8326349
2157155
9445452
2219691
5558041
3570421
2481216
6972823
684929
8198579
1393128
6652442
7394059
1272250
836068
7126984
7777619
1834947
4948415
4341963
431861
3839145
9525421
7363285
7138540
7273823
8414483
9974270
8614418
2946453
6031065
7906518
1777231
7596382
3852922
1794248
404290
5720179
383865
1261645
851145
3072910
7034409
8141861
6649359
7501762
5580108
8444506
6823227
155828
8588958
5764755
5389813
3643211
6132461
7729987
9037064
9349898
4033585
6596026
9053648
2061096
7263207
5933282
7431776
687887
2138677
2486370
9769646
9990645
3245210
7397228
1021161
3230166
501544
3048531
4760869
8040688
6309035
7047525
8842862
6207272
3624086
7699415
4956331
3007961
5734516
9646105
6971627
9906123
1100565
1556613
5999145
7179884
4029091
6061709
9859445
3991084
8713467
5383760
3103198
959221
6181413
7511555
8534694
8574935
4122991
8830295
5179942
5663372
5029446
4109337
5983090
6349444
4829037
2676517
3366630
7978116
5405330
2322105
471146
852418
5012003
8379879
3433595
1025214
6741514
6409160
3575187
4993568
2125252
9508934
5274326
8677411
6510900
5848231
1037028
2180219
1514983
6052729
5368926
7270331
9116758
4525848
7874599
7561727
5604245
1166820
5203787
389676
2537762
1933939
8685433
2762153
2051498
602936
8297114
8447188
1100160
6432735
3975611
7687416
9943114
1338701
2366098
402609
91732
1256708
3566001
5941901
8364580
3663107
9795557
1838581
8641519
3383132
9537447
9208971
4151320
8832502
6369716
464869
9229556
4332011
3828883
8371709
9292791
5231329
4685235
1561483
9588897
1525711
6822370
4180067
8784686
8589023
603876
6715960
5647292
4190622
5538772
7278361
8023275
3301381
7997084
124943
5238297
3905671
3514597
748564
5727425
5509999
7742556
1570467
4431410
4530342
1602182
5154286
4401026
8583320
2137450
5395104
3902013
6341375
5071179
1593247
535171
1142038
7731557
6163177
9769479
2299448
9444093
7818061
5837060
3671435
5564173
1319745
1940760
370996
9373523
6782112
946250
5362021
9473350
8406715
6404141
9105125
3006723
3590911
6728402
2708135
2348411
6575672
7285336
3241020
2960549
4913364
3873691
8511903
2186161
7106268
7489357
8486841
5691919
9333333
5354464
6293183
7377594
533875
154442
9164682
6834580
9329732
9593199
2926937
1900055
2185765
2454187
3025444
2998311
4562606
2910866
6645222
7298428
9737677
8825436
8908978
3030950
5362990
3316033
9569588
53643
9510164
534569
8669036
976709
7628623
8050740
8014583
4103114
8202379
7200888
4703061
60932
8529261
4297252
5115617
7772851
9651127
4887400
2600411
6193939
6366820
3442193
9830517
5707155
6784813
8000272
1385063
619321
9341670
7852581
8557581
3756467
7899913
3332318
4457121
8432775
6057729
5145321
2297840
9354219
5954577
3342179
7833550
8607149
7653215
4782401
8801933
6369958
303310
5589405
3145796
177304
4445757
1193100
9818045
2625191
6866634
4789639
2002916
6528915
3985021
3536341
5064173
4169486
658219
8509270
6745386
7634009
4692255
1268630
7631293
3774014
595600
951668
2265883
6383869
833540
2267770
1513099
5571356
5978912
6160553
274104
4409730
852740
5103058
1240886
5280528
5069604
3708794
2871937
5040439
1196198
26207
5892048
7776667
3982243
7902714
1604034
2207510
1063654
6614475
8174416
5261074
1678335
777677
8360866
3238374
9672113
3381171
115796
2327249
4512194
5729940
2372216
6584561
9224750
8883310
4212919
4169029
5477482
1302326
9196427
8288803
6846051
9563210
7341043
9238954
7194698
2288418
7375050
9397137
6200522
8456876
670055
562882
3432256
4998237
5555534
7346900
1939666
2797521
6449290
2448946
4280124
7130734
915931
4310411
1200379
6347358
5131328
1216460
4603428
3944482
8254744
3909292
4289248
9046158
2730641
125756
554994
782412
9609748
6606107
494873
2983456
2507941
4567521
2417922
7653313
7070903
3548756
9223372
4053470
8746975
4024589
6364102
4135518
3583295
3205389
1643049
438504
296398
2451386
8637125
6197859
5080600
3277515
9694876
4516161
4347273
8382196
7419017
8359640
5315888
2991903
1265168
6542060
956981
1901754
7601359
6853249
4897022
4762223
8523172
2358363
941483
6135881
2080954
7134344
7550443
6617415
682223
3270109
2130637
5095265
1877564
4703659
1237078
9384926
2609218
1454443
4519995
6849328
6315859
1412212
8272931
490730
1986379
7012705
7235281
1798002
314580
6733423
641647
3065325
6533602
4147432
6185786
9310199
8889190
4328102
121522
1003939
8413998
895985
8966047
4387770
9785299
6862187
846655
4671314
9955484
757415
6526548
2474995
8060183
3392794
8905063
7548113
2354563
776358
8927003
6352862
4903059
3962707
7366852
9547622
125321
119251
1211580
6000729
8651559
3709315
8419206
8306958
7544890
5827443
2768466
5779641
5823536
1604606
3866237
476530
5473874
2356887
4593972
4262729
1823633
9647927
2373678
9540446
5554174
11383
8819580
6345618
7409650
4411026
7039005
5028082
6172689
4790079
3529911
9179508
2104799
6599532
8545079
6150981
7528002
1651252
8110979
2816453
2933169
3986930
4924334
5299189
7484077
6057287
9131172
1298872
7051654
3703072
6267122
3620568
1507698
669417
5870948
2149769
5966854
5462175
6080440
8750808
2324455
6633729
8751285
4535920
4367147
1995811
8625646
5852366
8716716
6570558
3100694
319562
4477887
5044654
4524314
1298996
5262734
4430579
7889327
8728775
6466226
3934276
8087488
3276877
2416734
4539809
5001521
5950896
2071797
7913346
631304
4688096
3299822
4001212
5558782
143921
1127273
9152263
1012918
5125863
23032
441709
5568313
2174719
7903462
5844712
4552619
4598968
4090628
3131410
6445285
1421794
7626489
9939384
1951026
7730644
7109339
2632135
2534155
6479576
6479452
6171230
2849447
8385032
1287378
892661
6969362
4959790
1488704
2901257
7859429
541300
4685906
9344641
3843369
3713115
352493
727727
9804781
5379064
5667974
48064
5231586
2910117
9678561
326233
6418608
5655670
6166674
9414259
6563895
9962768
3387186
6991519
4327456
789940
1821837
5875908
7305633
357579
6438478
4157239
972091
6797679
6691168
8034052
4360870
9412760
5686984
832935
7417555
8042407
8404899
2228964
1865174
180891
2059752
4048261
4971985
5926727
9758593
7942583
4512376
4700367
8042932
1489597
8936795
8984063
1219678
9460639
8754997
6953580
4607805
4633028
7280553
4209662
550885
6146244
8188876
2693072
8751473
7167199
9850985
2283311
4841560
7830955
8477593
3796689
971267
7231659
9054364
9957182
3983103
5348771
3281292
4332069
1650020
3305820
9599168
6151144
8458154
3094653
6268315
9985500
4993057
8723102
6823246
1226838
3443779
1913851
6424100
9041228
9871648
4134500
8940060
4972580
8816029
1000026
1239859
874430
2110661
9498492
8638291
772928
1158586
1615087
3985324
9187587
7353738
7908648
5552789
9687089
714017
5684554
2937461
1627518
3912460
4308502
1859473
2763124
4684450
8105127
2559115
7462428
8178349
7674314
4962810
6981532
232123
219084
422998
7305342
267594
3827078
9728855
2213186
2334342
9089187
6815446
9059929
738449
2675219
4925718
6290047
6785319
1718594
9721636
1692968
439844
1619119
1748372
1437500
7345171
8514200
6837477
8872656
1433074
3797938
4042995
8923715
3931955
42746
1449167
5551894
3238364
8398611
4039962
9233757
5998051
9774712
1005922
6029195
9966184
9999590
8403628
2862536
2083908
2222483
8256527
4274785
5205577
8698259
5245883
6258934
5139572
2316557
7389378
4691853
6755865
7288658
4649284
6207482
1063075
1251216
3736734
105944
1529495
796641
8921202
4932473
7367466
6013311
699432
2665948
8484870
6321896
6572685
6919768
3676074
4886058
8107557
7761792
6533877
1525383
1195830
9059871
9157174
3989954
4186939
5727906
9619965
390350
1965816
6738057
5834008
2247748
169896
1754487
9804946
6999208
4327689
3798631
4328515
2809711
2548087
9060287
6142160
8532632
3145830
4830241
6905262
2989939
8602015
7213547
5107190
969237
6662129
28679
4134593
1947022
2234041
2141471
3449554
1789443
909919
4862304
7034774
9086872
1720790
1317378
9032563
9017454
5392275
5239482
561541
4227561
3819429
1466382
581484
289456
8917583
2068885
6868424
9490718
2303119
5930467
9710642
1874744
3024989
2816506
8270686
8424990
5624935
4765977
9338423
8364019
9767531
7814534
8636089
144042
4583993
615546
547648
6552377
2027462
8818291
5005881
2012150
3425819
572321
6402850
8938864
1800932
1934180
7000604
5905861
8530392
4646808
1201383
3923799
9291493
7847366
1692123
8110955
4355654
1478065
7762889
8348958
401917
1623112
8126826
7386973
4893020
620157
5654523
720299
2763928
6785292
4698250
7199712
7775334
7274166
2865507
6015803
745711
1512803
6523954
2214687
5663603
2859346
8017278
3887977
2000474
7500425
6047668
5552291
3380628
89162
7258061
9268199
6093499
6566425
9504691
575914
1892602
4855100
6140404
6446400
9618776
9098842
442055
1604988
4921928
6889817
417864
7594017
8660688
8533648
5389740
5584412
7773640
6764083
7199977
8575031
6726585
8074398
1287526
9465807
5984278
2607951
2935516
8924243
9005105
2504842
534846
8388999
7664404
3043364
4420337
1582597
1715762
7549250
8653483
6848928
8337235
2578699
42531
5631034
3839348
9187306
5636864
4270316
3879828
5993043
1805843
2274905
1148881
8134585
5047196
3097272
2959237
5773906
9634800
823884
5247763
2030202
1464248
3771945
2677985
3898283
6416509
6026574
259866
1640664
4300167
9607269
5862294
1202669
1755310
9180732
5503659
4818724
9585526
9863395
3356931
5945142
6964177
7566600
3395592
2885041
1790104
8524908
1765798
3906813
3434742
1300002
1250147
1450196
2267430
7180262
434738
6832779
8207032
6759219
9139644
4167214
1026341
1014511
5708918
934403
7945819
1072117
2787970
2015982
6234008
6490302
4605076
4557701
7283080
5608418
6552365
7807041
5362583
4808402
4127724
48033
5852756
9147716
4724742
3334155
2140193
564885
9758669
9926649
4476249
9720145
3612770
9918188
5040223
7490943
406072
2081659
3276826
952399
1916506
4164045
9296148
8198607
4914484
5348228
7395433
4962432
4983560
5358604
1493238
5154605
673043
3829150
4639416
6869788
3218904
9559016
1376752
651939
5055892
8563872
8157871
554996
4906123
7695750
9113199
8579964
2699696
6457549
2246332
2476310
5134243
6295227
8825947
2264167
9005550
7613783
9108887
3350648
456417
9618848
3497406
4924276
8198957
2461336
6931004
6999534
3595555
5479214
7691836
2760901
363519
8666278
361570
8910421
4716192
3178681
5042797
4648400
9971168
1641376
7575972
7930957
8660321
3543160
5118437
3973612
8729738
6726164
5713215
5775786
4283047
6566154
4179434
834286
9030403
2030687
1515201
9710588
7467922
3610969
5882317
3282789
4147138
4090692
4877358
9727552
2154097
6693162
2180544
4975488
5432063
2440092
577331
2540326
7575754
9109879
1137435
4096431
3498837
9800612
8981418
3491292
8089090
6277113
4786231
1548722
4184251
1248670
5322384
3139560
7662886
2278024
5436852
9543019
5613999
9839035
8906905
8013157
5353598
9650263
5766214
7482013
4438407
8390741
3623911
3187945
1986445
3271884
9206391
8889432
1521461
2746183
2110901
1691893
3547188
7918236
4113581
8873480
8891228
3400540
703853
1554288
8728522
9621609
1794610
2617245
4381370
2321867
3780295
3802860
7351141
9224805
7574829
5001560
3144596
7324079
667666
1309995
618406
4064644
5866675
1710609
8598294
9065907
2226525
3218236
8762520
665937
4342375
4317796
1894696
1557626
4015673
3046759
9987680
1451045
5749438
9548779
4460692
4458372
3811925
4418
9431263
8534951
2125100
6971031
5219468
5772747
9502074
1872654
1302398
1719323
6756909
6399769
7423691
4626034
7990740
1271069
473052
8954375
4606099
6674772
2981317
2673222
2022076
5323892
5450386
3688043
2412046
1094604
1936152
2405868
31203
5164251
9879547
1923986
1561050
7945505
6311679
9848741
4156122
6403412
6296605
7013922
6354967
8677582
5095245
4158621
7617396
9505113
192047
2370917
8143289
3239025
1149824
9027212
5477766
4992207
2787465
5033171
1782033
3190420
5742910
3613686
168855
5181725
952527
4206952
9582121
7812455
3395029
8750215
2578884
6779001
3148355
6125790
9246988
8088822
4465862
3666800
8440169
8199058
5961278
9603306
2918834
7307089
8781087
8369383
4153061
6542809
3885704
1889465
3369932
7958799
3622311
2013664
2559648
763582
4358237
4192979
3052423
8719214
9123890
3876195
9671042
9884579
2003695
6247382
2447171
3836357
1861615
8202716
3410708
1055082
558475
2153465
8252856
244852
3266418
7821358
6977544
5462176
7845229
536248
5730229
8088837
323189
2243224
3097300
3815640
9117361
1205101
5602843
8734471
5793862
2487135
7648847
7723742
4337696
9417146
6358188
9226797
6220887
2047272
3693906
4323979
9317933
6884353
4892949
5504895
184906
7032214
460391
299505
5763415
1420850
5963379
9772742
8473028
7340394
568021
2600715
9525332
1090012
1496914
297681
9400810
8288775
6747227
6246562
2113220
8898198
1843622
1732942
9105918
438287
6574902
780177
4372715
8215625
8418299
5202983
6015580
4101270
1568680
9985574
2355842
6825245
4146306
2823931
9461076
4169901
1525972
4329290
5550348
2914768
3637135
7197482
7517948
49732
9034632
9184931
494374
7625370
8887005
6645323
4496439
2896885
7364795
487218
8837140
9900277
8198159
108608
5958541
5380849
3889645
7401473
7583604
8579662
1086193
5192213
5546340
6393752
2065983
7527154
2007188
6541047
4154180
6360846
4011487
8160050
1557963
2677193
6632141
5161805
8640787
6420725
2907279
632313
8644772
6866270
9025566
9499751
6926845
1398010
9426941
2148374
3611494
2992051
8970714
2725303
9782124
6925642
2369540
1092351
3679336
7247436
4514798
4165021
9826088
2838756
2194925
2540441
5312467
8860337
1003968
5048190
4889266
1629065
1842092
4694902
1466744
6691860
2591718
5678728
8967019
7827374
988532
1336229
9462653
6297178
500284
2527216
3630590
3277504
2705218
3242535
3639405
2091737
2881647
5088687
194224
947488
5276876
7959238
1164642
4846345
6913642
168761
2134409
9599071
9200770
108945
4938955
407038
1560236
3406068
3843211
5205253
3769769
6648298
6649275
4137864
3844186
9681701
8129453
6425907
4339734
5853929
4359704
457890
1644099
4796182
1987355
3704576
2804925
1504573
7845613
185129
8939087
9406289
3329701
9516215
5969064
7073905
2902976
6167637
4213172
4105276
8550980
2658232
7258082
6693733
5849367
5005582
5237360
9450036
8929842
865687
3980955
2995604
300639
764766
967411
103169
1419933
5424496
5735160
3315068
405594
1686753
2922169
4877250
7469298
9429450
5161554
1405578
5435953
8150252
2299713
259528
7663233
7358641
586759
6883298
8449182
7621992
2832330
2338099
3154015
8731411
6917942
754627
4286807
1456367
2605616
4170655
6371027
4089081
7267058
9605351
2033808
1107153
3848666
1915338
2719589
8318132
5825157
2348415
9865328
4082345
247694
8324108
7490709
8376432
4891438
8008550
9765945
2931167
6176292
7778075
4402628
3009152
9780315
4336306
8052140
1615041
1380976
5303410
6345807
393457
1128367
911189
2092604
5426556
7074887
9062296
3771934
4715875
6315501
5962661
6716094
3034470
3295833
1374419
8518237
5513213
5486898
5443347
5139490
8833955
8738430
2447423
5616321
4794808
6501555
1603731
292902
6702676
9401353
6955420
7870981
1557698
1838240
3910321
2946506
5357694
142145
5541583
2010287
4917888
7641686
8809404
1499301
2882720
2331887
5092687
1194898
1121733
8620757
3500155
3540131
2512215
1676233
2713370
818684
3339885
5332436
7040256
6941115
9231367
6626371
2963117
9760590
5801204
1316583
8319137
6097061
9531583
17469
227845
148189
1274318
7973646
4677703
6437279
94164
4126059
5686392
6235146
7783386
3813674
9328276
1431249
2629320
6970268
6265955
5812341
8195948
2259529
6315701
2526970
1801732
2455208
7213019
8219401
5050942
3984006
1620383
8075351
6246524
5862624
9820508
9211082
577436
8833226
2208730
6559498
4440848
2656564
9909442
2133763
599945
1808372
5193942
523226
9634734
5558981
4995795
5280176
1674629
2282542
8702982
2711204
7799078
589340
3352479
64617
8001588
179394
2636680
6295236
2152827
9541713
6752935
6011505
6902441
2688265
3466782
9570536
2023376
4337417
9875240
2268527
9690725
5401952
2629246
8121564
5984571
2151161
8366169
1179650
1189936
6286172
9744523
1688546
6179377
976415
4312117
7769836
5903622
7394595
555001
852525
6333357
9808293
2051438
574275
5066575
9040891
5922156
3816539
3450687
1852200
5763633
7078921
834885
6765872
1780371
1388314
5590185
6255248
5813751
6027601
8997782
101381
4910165
3817718
543635
1703226
975158
9790188
4431557
2025557
3644070
4790199
5645271
8460986
1180076
5854298
5657134
5297622
1064510
7703529
24738
1081786
6928825
6214753
5798717
5888251
3158228
7935902
3761939
5700273
5738810
1993775
1476217
4422923
7715016
2074992
914524
9012643
2864553
1471406
804162
7289592
453255
2426466
1100761
7987115
5433838
6410469
9556490
9954956
61247
4457399
940631
8859980
3719095
2644232
3876133
3004570
7694109
8865469
7428584
6892325
578044
8851365
6587764
3023268
6192949
7834926
5431176
1190699
9787774
2031452
9296146
3358172
5061339
8257664
8262083
6929721
938982
1195868
572406
7854501
6597822
7019060
3655541
4257743
1454444
5159398
9133239
2868689
9911742
2994578
172311
8636329
8535792
2430536
7160407
2037130
7371788
4885797
6415080
4510992
5311613
76263
9608308
1710582
5122700
6924391
2732338
3329231
9723294
6685174
8252727
793909
3286108
4509797
6667236
5075553
8907891
7772997
704293
7679047
6968057
8708284
7191270
1604566
5336843
7901783
2593939
8371017
1631992
5573259
4702472
2212974
2467201
9072752
2429391
7764754
3941208
8376983
1372043
9790357
7194250
3541328
8006814
4040072
5511915
780678
4762108
1936219
3091994
4570580
6037170
6139861
641169
5907429
8492120
2240009
8728140
5616543
4637645
8860538
9031494
7131136
9550085
5318532
3180622
8625773
6346348
160421
4337910
5231972
8357775
1457437
6968188
7983494
3397384
4025322
5204128
3537428
7388914
5878777
1141957
8660083
9385360
6584365
6428352
3022326
5463438
7573775
7974741
4487777
8597767
8098926
1128682
7804304
9577958
4455295
1675507
1116135
1694581
5291556
7068863
9730862
9923646
68248
4728341
769712
7214516
7400080
1508937
3941276
4022598
479532
4651518
5614079
2970800
8514469
5091201
86715
5634106
3173967
5361872
233930
5053546
9063290
4562519
1599384
5624084
1349276
943543
3801986
1078912
7612544
9390860
893366
1719932
8583491
4519075
8981996
6093963
4934208
6198737
2200955
720131
5616688
2963008
2599266
1847847
6294364
7559819
1268939
3926730
794814
137270
6037513
3999698
3865162
1646283
3465529
5392364
6986107
3440412
7760764
2567706
215968
2537683
8417668
5174625
3329373
7391426
1543323
8244951
5163373
3240387
5156414
6069879
1342753
52562
2003154
8658837
7030454
2537852
813553
3775025
6225527
328580
9902216
8806179
532255
5856702
7118361
9613995
4338310
2266228
1733292
305677
723595
9827406
4002392
8977410
3904028
5458541
4376328
8751108
6383415
5860289
6791974
310818
3532017
8820696
319860
6723239
3573887
9067595
5018854
8200199
4986508
7942271
6213382
7791637
1230070
4844218
1794210
184568
6222501
8599626
1811627
2419695
8706969
8677093
8605785
4561167
6419399
7557423
8251905
4514644
4205826
5505989
5005399
7846028
3009413
8921332
1656350
7272454
6858783
7074267
1906939
4174263
2460198
6058490
6476011
2703964
9682457
560196
8259339
1022201
8568997
2468465
3218265
4951473
7404863
7578125
4615891
1688542
6912658
7816462
634863
7446106
4115598
1761300
3528055
156837
7247705
5896420
9644622
1834175
8691834
6421241
1577852
6073142
1100699
1122832
9047231
6391045
6518597
5662525
848791
5969425
5155548
4513661
2439251
849904
3214128
5499863
2865448
5642777
8169772
3802629
8033480
3273136
7418756
5310670
9067925
6118020
7103371
5735684
5226084
4662053
3384248
3838677
1084622
4930437
9232981
6669075
1908755
422418
4364198
2429144
9589155
865967
915398
1771640
1474268
1841478
709209
8841921
5880650
4842649
8349254
202692
7346199
7676582
4778395
5200588
3307863
836810
3274506
9649263
9492818
8312496
6853656
4736508
6079846
9277974
4546006
2076823
7241668
2329768
5391366
3692347
7820775
3125304
5921763
2496469
4235358
1034419
1541720
5729856
2269243
8523165
6734547
7628000
99991
4550569
988266
1282451
9899713
2027544
9121899
6468404
4508272
8018528
9884843
7895449
1964244
2703322
7465335
123070
3606286
5719314
7668838
691757
2894437
818110
8833997
5018175
780468
9103983
1602389
5839204
8933659
8669401
9583704
9538977
1963673
3084827
5462478
971693
8155456
1196341
3063432
2966990
3314839
2958502
933359
1779943
949254
1916597
3254276
3878843
8641773
6189900
8848646
2869614
2471073
2707885
6158637
1954938
773119
3500476
75971
642419
4573713
7232860
8278596
7562006
9608779
756755
2423908
1950358
3496780
8135300
4226778
6966216
8857389
3657102
9524526
8138503
6271085
1318763
6241469
2802520
1592733
6203419
6972524
6926367
6011334
766184
6183590
849229
6920216
1117047
2266644
1964236
3332240
7164993
4880441
6629001
9080542
5619528
5786833
645761
1754566
3578738
489554
4201061
212079
9641216
9493532
2656848
4506639
5399612
5228767
4894673
7266103
2769286
304655
4661193
6218488
219723
7508394
5444483
7685174
4377592
6269737
1198853
6850314
482036
200686
569603
8177496
1839010
9175924
5882625
5153940
8216224
5746555
4002505
786845
4973132
8554053
8943336
2402442
999722
321394
5840614
2613050
7393063
1919226
2774031
2789319
9023163
5401258
7848859
3742761
7544800
6850385
8254559
118345
4097778
1592196
2926387
9811778
6625075
3929713
1847072
5824690
7850531
7929987
1546677
4138836
2394390
2069478
8458079
3849513
1921544
4961029
6415011
8445774
4566317
7975742
5116349
3181299
5206312
2394755
381091
3064015
4316516
7805766
7857871
1239100
8391552
585582
4198155
2210288
25460
2125155
4073771
5793495
1991447
9432248
6719806
9264396
3307137
2433545
3180636
3352072
3393010
4987962
6906556
2594306
2439466
540037
1694871
9438183
264563
7743006
1420128
6799247
6251133
2272845
2720063
6753816
6083879
4612706
1301466
417134
1703859
3449755
6424262
8649163
3704059
308831
7078016
2883549
5290105
100274
3019198
1862176
4937169
4887141
8683991
8068165
3002262
4766642
6911005
8457549
4284699
7327617
1768218
7063739
8448455
7121395
1681170
4347643
3443484
2775985
1576721
7801397
9188828
162357
1084482
2997658
616463
5320288
2016977
9227528
171096
8642724
1900836
7227982
7587152
7466502
4960075
1080031
7893058
7741289
575144
2010066
4913503
4674253
9553786
9879887
3289016
8872933
1209397
206744
151935
8399571
7173996
9465919
9522001
774182
7036949
3528276
2467960
3246315
8651849
5565336
4237515
8298910
2284863
4798764
927653
9981261
5123837
3088912
291510
6761781
4449836
4007107
2137662
8874768
3828904
647228
1228612
6921291
9236829
561989
3176937
1800664
9244863
1807440
5586315
3498971
1414529
3244931
2523385
4107171
9016136
8872057
2252274
5413526
6042908
5724850
4539746
5000202
2191535
7277595
6168710
9565733
9031131
1097815
1125010
4271968
2802138
1563968
7777995
5278099
856290
4551355
7862599
2944582
863472
5970897
4065182
938433
8247396
348097
2562818
6710891
3620301
9385774
4590911
704025
3313023
6349225
1725153
857849
4145594
3759742
6554643
5929917
8810349
2818
6072139
8245484
5703986
4743004
7549248
9946665
8726665
2990265
6139790
6569144
6908323
9787517
4550936
2658176
7735125
8296460
796152
8028387
3714740
6711764
8125051
8585269
5135588
2930366
5229293
5721704
2618969
3471397
7249988
4074521
6908447
9661370
7313983
1323445
7900976
4867696
7817206
1110446
1385251
1287011
8654614
536332
7297760
4840919
6906920
7071884
5471469
3114744
7966547
3854294
6622616
3856415
2376338
8738317
413040
7645754
7357597
3369798
8046550
6603325
6770181
9899200
4277692
2166155
3996360
2837848
5710328
2133457
945115
4522509
8529799
9026854
750102
1828301
4791297
4635213
6278943
4454857
9590962
6189698
5165731
9615792
1598400
9771870
6060199
363992
6372427
74520
3746188
5267099
8464259
4812821
8444582
4740598
9480239
2873351
1288270
3260583
9207335
3502907
1356137
8586090
3623348
3051395
2601381
5374118
9376025
2269041
7033409
3773712
1382828
3818051
9987587
2209520
2483617
5427196
1237903
5098993
4490081
1819487
6693928
1572195
954132
112066
4521441
1265644
8109807
7721404
6595913
4019986
1438577
8254033
2151233
5579613
4590754
3472886
5985256
6028154
3255613
7927824
3814479
4238095
38154
3710319
3058544
9914331
5309630
5213059
3890869
504557
5601739
3594504
1858244
8983290
8045277
2542582
4478346
286992
1557150
9546048
3346505
1983988
1740024
8726408
4960010
2090881
5641094
4359071
9328887
2691755
8578840
7720032
2762958
8075050
8416607
2524928
7636323
2147618
6278863
7923249
850742
7940197
6899859
7010925
8678802
4432846
9799649
5790552
320799
830299
7234757
4080467
5191331
1843509
6133482
2416970
9431285
7687451
3370602
9512180
3942701
3478893
3294834
1741001
4258813
9187871
1946066
8373547
4026700
2298885
316914
2190791
4425044
2662500
7284300
1512334
4931678
119420
4106385
228971
9016859
6224727
5392057
9283358
3249780
2996829
8163184
2181860
5631359
1428319
9205353
718482
3987913
6118494
3794907
5152721
9908450
5024616
1388559
5820699
8147290
7094664
2565319
3606330
31464
9510445
3098163
5154921
9761905
1285223
881227
6893432
9688155
9014160
2403396
2253163
3829885
2258029
6242450
1140828
2006782
4483117
7600036
4266823
9454972
1735538
5039785
4381319
6541563
6587784
9739634
2629076
4416210
3868683
2086156
6670761
1565944
2159906
5054936
2394905
1074049
7951884
1064596
1317314
131533
8908981
4874060
9851935
352178
5942077
8031245
5160609
7153603
285535
3398236
2656249
1122029
3083787
8047653
7777178
6255882
8799025
4225578
6748480
6426867
6438547
1083543
4852910
2507478
2337445
747803
1991757
8347863
2998755
9053056
5366472
8374974
3754593
4727876
8671590
3541357
1267205
7434387
6409021
8333398
7740372
3908930
45060
6534057
4166515
1666326
5990753
9949286
2262178
5136326
4376080
8288669
581115
8541072
2829050
5428687
8599962
6412313
1738729
2097057
6352603
2373672
584941
6117704
2203015
9463474
7033630
4186883
7854376
9565053
7901996
8343360
3922446
5111063
341986
4619697
1505700
577198
9740318
2165544
7845939
4580021
5085881
8004469
4496883
4479017
2659824
4122388
2670231
8744344
5562041
9362928
2685328
8818400
8730527
7128570
2459027
4543723
4885464
1154403
6835577
1707718
3021307
4282018
2137820
791620
6915593
1897117
5561216
9190112
5753947
7606979
4972803
9715446
8477267
9870339
694583
2714282
1666358
97478
4468406
6672255
1197945
9893430
7892846
5155923
2512930
2844760
8536090
9115768
5707212
3944130
3419684
1514042
3413461
366084
4868072
3479862
1363436
7578561
948376
5208144
4780141
6907247
7679396
1344446
1379251
6422016
3616177
5510337
701414
8145753
9299169
529072
3757002
2126245
5526464
2375732
2032017
1734114
3831199
5992825
4678786
9147650
3729273
9457071
3507938
6030034
5181094
6447349
7922156
5322559
4692078
7372471
5279784
7534554
2549526
1415634
7450118
8158300
8459889
7987992
4469199
9246940
509504
4935024
5841383
8430455
6128904
8812726
2155826
3124352
6588489
49164
4560818
2453446
8083651
5573650
8943358
7500969
2046412
3841279
7564618
8906906
7444092
48814
2576829
1924354
9917669
3895720
5221832
2059740
1975398
1194519
2442694
5655971
8491890
8569389
1322457
5988061
824190
5164104
3017041
8928977
2175792
4987239
3152222
7237993
2009070
525073
2419858
9930418
7607646
7632014
7366437
2981239
3555703
6850435
8287140
5182059
6680677
6115797
6410482
8784123
2512599
1808904
591653
9522731
3114908
5420782
8667121
6641604
4906619
6109045
2474294
861466
3014654
2426531
3835142
524965
587163
4616634
4339240
4557288
5673699
1938345
9012036
8505957
2771209
1742420
7370577
2779882
7470769
7149003
1259024
3395854
3567865
4399127
2155093
7130952
6899359
3014182
6589408
7444245
5749278
1123047
6020694
7009880
2293427
1286977
2847191
9416688
9652874
6428422
9791011
2914840
8966498
1113563
7045183
541534
4410092
8917056
7060212
3126146
6398372
1920648
8029080
7197567
7618272
5485435
4590670
2289131
7567680
5572705
2565156
516134
9947782
7230727
1718965
7318820
5102182
3959828
6678399
7608766
8010228
4998407
3171826
7459565
5538356
2651358
9829229
6740187
6140316
4892614
5651982
9771607
1789911
1074381
7343186
8556731
1969923
2706649
8582344
5131666
1302321
1866145
5214126
7093792
3127061
3532471
52492
1497164
9171571
9119589
518378
9562788
6776825
4081091
348795
2333396
696069
9783620
5520808
5855746
1748803
8524900
1645797
3293051
9990227
431407
251525
2957408
1745876
5106602
6333000
7941602
8689427
2315891
7304442
3651330
6076275
8051333
3269599
9027985
6005808
7624189
9993590
7527353
607844
2315300
2025392
247921
6623044
6862580
6503084
5151840
3152376
8852382
8965225
7783042
31754
5173433
438169
9088385
9223339
5841512
7053231
7131712
8862510
5997735
9681430
3254605
9284602
1681127
4884439
599661
3912472
3864493
9633050
4913829
955744
7348323
9156384
7821000
8742814
5168472
2610098
5486451
9105512
7577729
9747228
7118685
3476309
704721
5306022
7704438
2834455
3241319
1441610
5396503
8849729
6943541
3396161
8981621
774609
3632262
7592021
4406494
746573
2810271
9776455
8452418
4685800
2536940
5260362
2858126
5528751
9151051
2156704
4413661
5891683
6352278
1400165
6419309
8819107
309055
6560986
4264342
5478637
525955
6950608
227596
3954968
6792609
8393322
1823906
9898586
9179431
5901395
1921815
3699765
6300102
5877136
9165663
8775662
4271422
5761554
8682693
4885402
5683934
121546
5155653
3326260
4866706
9896968
4917749
1218192
4693739
8252182
1000172
2710121
6875253
6756994
7856603
4216312
8306954
8843813
843992
841329
5818207
2065791
4692761
1809170
5716406
8733777
2940558
697542
5953624
6046178
3990580
7870355
2499676
5325729
4462644
9683992
4178490
6423779
8958630
9828351
4715528
148606
3428812
5890160
2923483
7956004
4631076
7111126
2737947
316871
5276928
7978292
3457493
7695191
7838287
7288804
8647095
1865370
8409913
5460781
487122
1440158
2837855
9239968
2835171
6256008
6736327
5642844
2932083
8673727
2396799
5159515
4988510
8490734
9679065
169399
9267447
858212
1950686
7760128
5141988
1639015
3152106
2180259
6147461
2347137
5960110
7724666
7283764
3591697
18036
4433449
8494696
2729762
9824056
7358967
3883312
3961989
2985681
4189953
1596852
4661955
3772094
1906668
5289508
4746492
5922924
5003200
3875323
4816857
4307070
4803767
2627814
2929276
1113991
155616
8801195
5002538
7351304
1327672
6000601
9750317
5737718
5256009
8289604
633101
5839675
6528305
3217650
5396786
88771
5463697
5072524
4404151
6265562
5939523
6912757
5624597
899987
5242821
8733241
4848785
7198580
2003587
651798
1155891
4253856
2217294
7663135
4493115
4531246
6244124
8338571
5196025
3387235
3839537
4395689
8344049
37519
9132333
9353639
7037117
2049929
6641116
881303
683563
4747288
1767976
1400873
8990992
9964904
1801759
7453190
8795495
9453538
8529324
5972420
3471092
1525023
610998
2908610
7907413
4944796
987344
4164838
3445423
4208488
4216998
7206995
4980265
1335246
7914206
591355
9005577
5075976
4747268
6200514
9283612
2169197
4113379
8074182
2704265
9627173
8551429
3503747
8310821
3241614
705776
8810946
7957479
4703355
7285023
807138
1147280
3939731
5609480
1230710
580694
2564045
2201107
1363909
3327231
5155937
2087272
9069158
7788637
8430572
1391187
3135134
2883621
1737512
9963705
1201362
7411109
9381627
1403091
7354230
3311913
7751216
3937851
4649534
5610377
7375531
5641636
127916
9764264
5257962
3535696
2086573
1057784
9063111
5593926
7474896
2717350
636338
561403
1843406
8338011
1851897
4455706
8957060
6119015
602882
9358653
2429653
7002306
205299
7790342
7932101
6925437
9298196
79407
8627212
2060631
8351473
8283331
4545161
5736356
5706107
9264189
7903037
4143714
3680437
65530
668430
1790950
1834071
6960058
8159457
2983705
2176798
2564256
7066119
3087136
1894793
6235276
365937
226574
9319856
8356479
7643618
9523808
9582429
7120124
6050998
419826
3751834
1459882
2047493
7654474
8263479
1247479
9131584
1055365
9695105
2156426
6557659
7654801
3462279
4010431
1683399
1121576
2101705
5723733
9275349
3877831
8678388
4712561
5723209
8382675
5972773
9864585
7610919
3228580
6726383
2353828
388398
5712328
2835549
7832092
3996613
6034669
25992
1625392
7614522
6380636
7071110
2677940
2707187
2709192
989686
2286819
8649392
7481294
8755802
436503
9103153
4308622
8818328
1347637
8173842
6177923
5433771
4412265
6422134
8332511
5142533
5189613
6437159
1647871
8666076
7989787
4352341
1475591
516444
399822
4815604
4810435
638227
6613909
6155866
8141009
655475
9527125
5595803
998863
8456303
2867754
2087423
3915208
7690957
7845843
5919325
5642500
4628687
1425793
8006126
5633939
3677873
4011438
7583738
1590269
3774859
1806887
1891924
4151656
7088076
2908148
693011
9346027
967779
2137289
70181
2765405
2235217
5530234
6509587
8438654
5605125
2780810
4024282
2884484
7843732
8101236
5789099
1874391
3795141
5035298
7821881
2004489
9514210
4847630
6475958
6769955
3156133
2123619
6241170
4784571
2680134
2132284
4258724
4207909
7370323
9915108
2942749
5179566
5767339
5261796
5132865
388567
5832233
6419014
3287688
9132194
7585249
4365714
5189156
7888320
3069304
6312955
216684
9916170
145134
4144849
9293318
5100297
3180486
9899878
2807025
7786732
5847770
4360528
4521103
104588
6825475
5352160
909772
1898312
4908726
3786468
7191354
3586436
9527990
3995030
4260087
2126746
1866027
4303877
8159016
4822819
907630
9351369
1714708
6347041
6823347
2752925
7060064
9211925
1239253
6366398
1864288
181984
3646533
9505834
7503812
912536
9100778
6654312
9518586
1059259
1620619
1757760
6398406
8776116
6160839
6108975
2685155
7417728
4315456
4845184
8650559
244536
4846741
6961456
8491319
5910226
2882619
5177197
6803915
3827443
1589190
3595491
1266511
27807
5815807
2224811
2908072
5951309
3609191
9473861
8375440
2387107
9130938
7180838
4340408
3261582
7447945
1685877
5495700
9454144
7375865
3104739
1108701
6853148
7990848
4121900
8609193
2622632
4154958
1788637
833886
8392456
1430994
883515
6383601
6186157
7488594
8015562
3931046
8728610
8679579
9469891
5032408
8942174
9570612
4115282
4926340
7660375
5546262
9843876
2682922
1038522
1140820
5064254
5146855
5313247
1079937
4444393
5062910
3708203
1087761
9175465
718419
6787168
9577041
8567466
7436918
8009545
1149827
7834218
3600019
5162909
6538205
9280335
567500
3880032
224811
117516
2307242
4476542
4677441
639851
7538309
733493
1894895
5992051
2446631
5697993
1251820
4062468
5470153
9891206
9096872
3746556
8648680
8504993
9852187
9047252
6042503
394932
5940714
9093501
7080831
7046481
2590761
4618906
7205152
3677788
9697364
9599033
7162818
4482473
9087833
6812164
2135745
1599030
1966922
36462
6602254
2695194
3027474
4355438
5267045
8736622
7334846
7526538
7956010
4708538
9062610
9167319
4321667
7127460
9556031
5047018
4841588
5261221
5608137
4931173
5893860
2204266
9966850
5648050
3840637
448588
5636640
4981824
4198748
1341904
4978923
5348036
8808513
4910770
5542006
8215589
8825679
1731167
4534954
9281357
3113315
835090
9051118
9047770
6163869
2917744
3438663
8027535
2223454
3446339
4906953
5931553
4494493
4743551
6678004
1000014
7692835
1202504
6766313
4615583
4040552
5371221
8886456
2522771
3971878
3005149
8673893
3132956
6251915
4579570
8543105
113815
6944988
818098
3031772
2955646
6692906
8356634
1628649
8300257
8593410
7670632
6036695
694892
9903885
8752482
4329904
7739572
6065490
553810
386767
396030
6663745
9006416
7980698
4760430
5895421
2358973
2481457
6351225
7446088
7585441
668853
7816734
7520196
2581712
2575691
4720702
9017578
853869
274223
2014325
6728624
3327345
1370467
8688188
5407020
2125242
541887
5957777
2591989
4594838
8108521
7018674
517194
8903408
7373609
6873920
5309631
7967344
2157206
2188428
1126470
2423136
3917997
9487
1366099
8245849
1247624
2685578
3798447
6052671
6231981
4170800
7391150
1075818
3551962
2400161
1749349
267996
9651512
1162628
6226800
4841142
5067084
4958478
4914208
1988532
7718402
2363794
4164478
2819458
223170
8641680
3669684
4721526
3605398
7165161
2265563
4242433
8362877
9860648
2391280
248057
6434654
1418853
1041395
4998575
495475
5657290
4796518
9666298
3919461
2371803
8543392
3729700
4582945
6990352
4795840
3917772
7298512
8621855
7200691
5607454
4904672
9989997
412509
6341658
816135
5127106
3423287
4530563
9895010
46305
3138447
2104877
6310630
5954020
4087248
4932525
2983264
3744827
4554766
8222037
6679095
9739071
8291582
5741446
3119211
4115058
4657257
1084635
9175638
5493242
3506330
6022149
4792358
8387844
8523059
7303977
9717901
2531277
252449
6453487
6745177
66974
7961501
629865
3063812
4913145
9930876
1767084
5134416
3376048
5984568
4413000
8655898
9170282
1084425
5143146
3399474
4920605
5971264
6608705
6065084
29428
7718035
3350838
9312656
9689450
2093470
9838843
1346784
6663338
7002019
7618120
1415786
2212402
8444588
8120337
6172734
7711704
3724951
448567
3587707
1584147
4113675
1887043
1942540
3687995
3513044
5903643
3710987
8635926
244747
5382893
9733463
9620135
707667
9467772
6433007
7298175
4553747
9312325
9601974
6157441
7397770
6231319
2784466
2428277
2070296
9407344
8897860
7817314
160361
8339369
1664749
3862404
3374932
292121
5154573
4087893
5492387
961008
8684484
8975924
8330701
4609364
2590882
147179
7515744
8871092
3206217
9189534
867349
3243598
4476978
1028508
1829428
552019
2650571
4431727
8744273
2391630
2958450
8230037
2554212
6901844
3075140
8797266
3620481
7151002
8715878
5525377
8294623
3286925
453024
6400014
7567043
6887933
2783450
658703
5280647
8880559
6061528
6385977
8359320
1172407
751795
9691071
5669309
4800519
2198515
3416532
9685848
7183713
2266535
5535915
563015
1439246
9111917
2696552
1620886
5392017
5451028
1580506
5620261
5659211
3854536
5815939
7910625
804169
259
2074243
4861681
5009592
1935230
297466
2336131
6882950
3692603
4404956
559365
3649452
419153
8541085
8228039
7819878
4297893
2871653
5437309
4003501
1260165
4581845
9927401
5906971
9674569
6843309
9051143
5893485
6250658
9385003
5806381
1291303
3079943
4765402
658886
7187925
2278311
3080111
2984694
8328620
910546
2178567
591290
5981914
5324122
4820433
8904656
4998695
2833011
8729108
1220487
276184
6973899
3773004
1492512
3394762
9720108
4846803
6075677
7086852
253421
8528374
8173691
3086159
8254065
5621021
7601528
3997704
4685210
8397792
5140561
3460368
7850944
7825502
465455
3107496
32523
8444333
7956362
5281900
5223256
3442448
9789702
5731457
2521247
1841769
4686269
4308576
4858652
5912738
3429539
9610475
5533850
19989
4878531
361396
8093978
6137688
1416819
7075145
4693819
8846039
4626907
3544510
6722289
9472393
9652194
545581
7148441
4425468
2817700
676550
2747243
270991
5385592
8195609
4472709
3157678
8193196
6274726
2111754
8921117
3708868
1174297
665265
6722687
1272870
9464524
5229672
239267
5552509
410026
1225694
3498909
2289138
6273840
4614337
991228
5791707
222743
122948
2875953
4277854
5164084
8977772
3268226
8803228
6358352
3904274
9669034
8244844
3136582
8509776
4570485
4540292
5831184
4719993
8136333
5202872
4534792
8957010
3763172
9966833
5733342
9704054
2939972
3987003
9897959
1626566
1838947
1936054
6812430
6375791
3545344
6091991
7187335
6746107
7615345
9877919
7745135
9397748
4199449
7394536
323129
5386084
7079620
8696669
879338
7282913
5046944
3879660
3862474
4532606
404310
6568408
3097325
4659086
6189545
1627709
2048583
2214910
2206862
2403161
5982659
6652174
7045994
5536508
3565331
9105631
1702539
433712
8267591
3446763
6363889
1792590
8159404
8393622
7170208
765070
3386369
2723980
4657752
6744373
7433752
9879968
2949899
8561658
6508434
4491763
5263567
2232910
2152093
904685
8286443
84913
178550
3470242
8107744
840975
1218363
6146225
8319207
4544550
3846847
1597437
4840747
1062500
7040164
8227218
3122330
9510278
3296776
9150891
3887320
1886007
6448800
7047034
5607015
4687279
4615189
7168094
9813516
3347757
8844376
1518482
2018855
9491437
5508514
2326227
5525339
6789929
4598526
7335998
3164914
4393044
7859008
2990927
6452743
8560889
1019357
2019446
9110037
5774356
7243460
3347395
5250910
1233884
8443385
4067849
1116613
7833927
229725
9858723
7343790
2057083
9645805
7032825
4884047
853877
1630661
2812317
1073180
2993879
8021550
8258935
5897081
8230474
2514727
3579675
3498808
988905
9600674
1038635
1172376
5316888
7992739
5706746
8362104
615859
158875
6117419
1124133
2394680
2737529
4283504
5430498
922763
1022394
5604571
5272936
8841754
9472045
8851378
8431287
4711348
5796981
3371740
4758439
3104494
7061206
8133806
3567440
1420089
2820837
5345724
8291992
4877985
8691429
4262227
9589012
4593548
5364766
6440217
2563442
3903308
703390
4159052
4012537
826911
8827449
1036725
3162215
8624123
1805496
4757279
1160573
3406361
2151741
66863
2343205
8259916
4492468
175281
7967776
9602888
1440782
527537
5817782
9693948
7011801
925739
7218360
5290563
9314147
1777509
7288183
2540215
5711305
683255
6685674
216385
5712842
3154284
8427733
4378929
862046
7932851
3223822
7077350
2152212
6160961
6630006
4022694
3594721
2274841
6686840
6948071
4824111
1750347
6985780
5895977
3670715
1886090
7999829
9110133
1125818
1870598
5204114
9591670
8882758
9035622
3498600
4531369
6025189
3692721
1562224
2347655
8762379
1272604
1644989
8277045
3782283
1768129
7833515
1351083
6694831
6129646
5161883
1721874
3685022
6688112
6190295
1142211
9292613
6660877
4665406
1499495
5349773
23014
2417679
7116641
8485713
4561063
4749602
407696
9241404
229121
9457832
2746316
6387380
7647375
7705537
4796166
2705394
8542664
123126
6653680
4893541
6524840
6143512
8584488
897676
5566050
9979722
3396037
6206422
5953568
3889637
8965563
8221175
2885001
8501547
7970256
9567946
1008319
9758754
4913415
4704326
1606231
3486331
9241792
4121707
5507866
7845496
1522973
2138246
6511005
511617
8159154
3579439
3685357
372988
1320204
5293078
7577312
5867569
341639
8625608
5762521
564970
4038535
6287545
8690105
4697910
778063
1762654
4978376
5443516
1641192
7887293
4083374
8880609
8055750
2456262
7975194
3721405
2690388
4366764
4788301
5608307
4943784
501635
3397847
8950239
1422644
2995800
3167188
6644806
8630917
474894
366847
1703674
1924938
7586859
168001
1935762
2579835
468182
8002240
7494615
2891992
2728509
4038412
1828093
6334082
4719423
6550146
3248957
8275608
6827580
2928704
6670606
4949184
7490455
1200393
8727638
1045481
5537108
4282852
397077
4961277
1601458
1976896
159319
5258943
1116065
4411044
6735426
3266462
169743
5982458
2565585
5690244
67495
7160160
5425363
4599668
5715613
8832518
7609536
7650557
3983781
6938816
1672094
2025019
5208625
3081804
9755779
4930265
3890515
6335100
9262067
583761
446918
586785
2526135
9232868
3472689
4886304
3317392
4378338
861356
8899278
8950220
2510798
2209956
5495553
4832945
7702642
8229562
1429754
3958281
721958
9247755
7496000
3679829
7120944
7131795
473559
1124366
1937606
8921354
6504760
3369871
7733411
1908139
6638864
4025193
6039160
719408
3782260
6498694
3541468
4872418
3552622
8488970
5899970
7753449
9210599
450281
8550536
7024781
6630297
7052519
4885396
7847974
8103051
8001778
6795803
7096987
5275430
9471996
1573901
2435523
3190172
5506221
2840105
7872613
6388435
9507613
9623791
2024565
4707679
9458560
6799693
9329397
4007788
354214
6199948
3727965
8806260
7945868
4754379
8683368
2963052
490673
5464248
3582534
5331694
4822265
8187597
7775450
4502369
1270672
9483850
4136259
9331465
2644628
456399
1134771
6223980
7607864
3905401
4229328
3506149
2815785
242699
6536832
4972216
7501778
2477431
8323856
2449825
939268
3643649
9844524
7565410
5414983
784363
2850585
4906958
6734015
4906358
7082999
7294111
553803
9036664
242812
4373244
118662
5273557
9183958
1581090
819619
4551111
8478055
9418112
5319492
3618742
4366586
8049317
2493777
8584034
1716550
9966369
3414916
1853290
5779349
2185529
2460026
4799938
5836068
2742792
1293932
6848605
266090
4848429
9961256
2315037
5341004
3404262
6611070
6642922
8946617
8712706
8448419
6490542
9678260
5709630
2326465
569144
3425163
268271
3912803
2321571
3399951
815764
9779086
4363155
506574
1792186
2440612
3319308
7041180
4318884
7491388
299015
7802181
3084363
6963837
4040767
8234850
6650662
9933955
7992701
2585353
2835007
2986537
3667920
4208815
9709529
5010322
3760467
2840672
5844658
9195460
7757541
6046484
9083015
4705591
5073318
9794755
652675
8942441
1581083
1299083
5574101
9582714
4025249
5506764
348413
1465962
6585941
4997785
5086903
6030210
9816797
5708363
9312134
4721831
214140
9931687
6152685
2231424
3010521
4962289
1503105
2092364
9548695
1465952
3919955
3521153
1559928
334321
3741427
6336400
9936976
4833923
1075316
855299
5352327
5308918
3745125
6747885
8141104
3141626
2169449
6764104
283220
5083610
3677016
9155253
9736899
502682
8217111
9851154
8199413
9734639
7055067
5493522
5162904
6077256
7141784
4124754
6966008
3057990
9901916
7357964
1902030
6999688
3888649
7973344
1099080
1189633
4381016
7340810
7352992
7770500
1220207
6452908
5400274
3158004
5006266
7956793
7231631
2950898
4596148
4938422
8351126
5933103
6639463
9495417
2060874
6637051
2175670
7164405
3061048
424808
1517753
5335003
3559362
5436112
2883961
947607
4009261
8810755
2955291
4463417
626254
2649710
828386
5396787
2849793
3145474
4600303
6633971
1002068
4443210
1511431
9872429
1429682
1888888
1390448
6895728
124596
7795606
6878105
9701711
7233400
5917314
9057930
3982556
3795526
2451023
5981844
8068119
4264629
7241046
8928814
6632432
5920361
5799033
7871745
544721
7957716
2444050
1466928
4184209
7135277
9729157
7685404
8596726
8872458
2534542
6702586
2632728
3391458
2837227
4303117
3688176
9538615
6624084
7844484
2890417
7464397
8252531
7804127
1955706
3947516
2384112
946987
1519951
7839892
7200680
300889
5700956
1632117
4044205
8977585
9033572
7947041
4934791
5077567
2939096
517840
1084539
5162147
4524233
3042251
8923866
5008204
9740396
6647576
3522052
2738249
6085126
5305494
2453820
9454022
6251551
5690234
1229569
5241644
1133518
711500
7355163
569556
1906069
2621599
8424522
7000951
7553921
9907687
4090242
782331
6136954
5307783
340714
685860
8464933
4041289
7196268
2658436
9983516
2256426
5509079
857588
7295
1670415
3666002
1300011
2198668
7434312
9010115
4460196
8097374
111589
2408643
9680494
3553994
2864860
1335262
9895352
545051
2708881
6958938
7743950
8154912
1892520
6163388
9770497
5853729
2057840
8278289
141862
794941
8741205
3502436
8006556
950649
5061609
4835311
5268317
1151143
7935380
6062198
4749261
5839849
8454382
3916293
4131769
6018308
2700870
9598677
6331148
5165680
7772302
4907533
8820097
5536040
1141923
3244659
3201665
899144
7030872
3762193
9798954
6243259
5354027
5940484
8972227
7877448
6454195
1303123
3632724
3473048
8127488
35143
7998254
1161368
9992065
967486
7583391
8186380
7237432
1245540
9249648
7220437
962110
9928481
8948022
4470622
3334291
4426077
6909939
7403340
3658517
7241547
8807008
1964608
3349932
7833571
5339473
9514068
4077804
5934306
5701682
571135
4277615
6461410
6549166
2516741
1526209
1805648
7149625
6945710
1297203
1990043
7337781
2052490
7072046
2177158
9759479
2369948
2804341
9621783
5935378
5671393
6605900
439627
2952664
7285019
6263474
8402215
790569
8170163
9195085
1040445
3869163
3101189
636670
6755077
2864236
7829638
4671689
8642319
1843465
1360834
1586217
3086711
4333833
3274386
1025522
6342866
8428574
5215327
5035453
4210747
6996161
2471132
4545267
1805122
5546334
6837835
4250304
1192023
3665401
6118759
2837914
4800975
3982155
7838606
9374049
4944051
5939663
7647044
601342
1934665
2385138
128952
4350516
5331352
7213175
9919300
2059803
5526349
8433129
1986369
7903059
8876271
9273821
2745908
718278
7667521
4720264
7651698
617814
454673
4531833
6539661
6918343
8934841
5994373
635054
5096462
5647975
6211730
7053079
8631541
9623061
9823419
2458280
4257184
457420
772185
6483483
9752335
3894062
5394038
8694907
8007725
7207064
1811515
3761550
4672075
2867344
2802421
3919324
6131762
2055478
6261339
3318218
7177770
7744318
3147992
358595
689614
8551445
1547474
4192555
4887222
1171336
9295072
6728863
5160540
2913115
3598919
7397273
6363293
6417249
3920524
4603836
5338200
8319594
7190848
9867528
2593352
6422077
8551167
2200515
4472287
6288506
5099155
3741463
485498
1492844
1650366
6686826
3244097
5683553
9882794
5728272
825486
2941124
586124
9047835
3197973
5284123
8173916
752045
3036301
1384999
937078
9809172
8335279
1194064
4686811
8943745
5650338
7774454
1955031
218265
7496527
9094621
2317409
9844176
4273194
8993236
8476134
6096029
7183943
4634401
8069663
1591233
7671799
5893708
4416269
2224067
479425
1059961
4567827
5737566
9463408
2949012
3266694
4392401
2498621
7178318
6007750
2700267
4900803
8071395
2140147
5072424
2288381
5813732
3617240
8221639
572350
2000960
1888506
2142970
5785733
6350836
8234142
6385111
1358549
3779692
8971546
6248157
1131471
2132598
7785916
790353
7127813
8657828
1695281
7131067
6771454
9827084
5123062
621936
182180
7682044
2219241
4724024
6132432
7805965
1827377
7309492
534624
1741243
1576679
3324453
7721778
8164519
9240385
1117824
5404271
56352
2847311
9394338
4208122
3429028
4291759
6370840
4824761
7529924
5731777
7318463
99312
2538771
4520910
80053
9784009
6606719
8725326
3167284
6897946
1167341
8216903
843768
4712785
8652235
5116667
8455445
3276573
3028703
1438025
9910125
7502437
629141
4311049
3144439
7819505
2773857
3837866
6198720
2206876
5762867
1924942
7827222
930223
5060617
5130387
1636698
9982003
4833557
4494092
6519813
3822222
255013
9297654
5246230
2662292
5446303
5133396
240322
8267095
593850
268598
2162328
3481995
3456479
9204582
7721041
6339719
7631832
4446857
8250415
5419361
682873
7366422
3493897
5928873
3823691
6377414
9832441
372663
8743767
4689098
9338592
6056491
3020501
837405
8672051
2752651
8477345
5647440
6712409
5228378
1828193
476652
2389602
6916030
3456671
2286859
2127728
5689430
4192017
698021
7908487
4385706
3507663
82918
5291295
9221317
1879226
179216
1757367
3996527
6479577
9762752
6799757
901302
5959138
4906346
7032178
9119858
7715918
297438
3196497
5489752
7192527
2320331
7842185
4450598
3302215
9601819
3354779
5935921
4208604
5793178
116258
9018649
9553638
3103765
3650395
7707365
1214166
2503587
3746081
3566176
1552426
7577849
7898648
850304
9867125
7246950
7411869
5558277
555807
8488134
3766979
5685580
3637435
6618671
8325123
519870
4655467
1231650
5660220
9119539
1917474
3239191
2858414
1007202
3799294
9323771
8649437
990264
8811412
1716821
9335075
1597026
8915045
7436504
503367
6618853
1310468
2307622
5534365
8153436
5320990
7022540
3953970
3500221
4986253
1821261
1270042
3680425
4244834
8930109
5905738
4302731
4283217
7114287
591
1017709
9879739
399210
9831480
218772
2916203
3853069
9797393
5547316
5394775
3871267
1109620
4754313
6459885
6081708
4345722
2811837
3715320
5142973
6981184
3268054
2101722
8627783
6138197
6745414
7916769
2100320
3169808
5433136
5342918
3658151
1191526
1159289
543552
751913
2003543
8043580
7892742
3508239
9468660
1121364
8715960
9878377
8370484
6249675
7014422
1323264
1985611
5099550
5539619
9606475
833235
8376190
2545039
7279727
5621198
9127892
6653580
4916616
2793233
6564427
2270232
8845122
9172177
3458131
4378207
3184994
1023165
9118480
443148
4394414
2105566
6442083
5291443
5800669
250789
765588
6765495
7784453
1969832
3036094
735832
5322113
5738588
8508566
3536267
1210003
3389801
2513436
1389277
1333733
5870176
8041239
8996649
7246369
5800880
5716999
345002
5953423
5304163
1932080
4156597
3636169
1054500
5228687
2073957
4207507
9517635
5460014
8967612
8759104
9989532
8152304
1406533
3878788
8925310
207371
9968795
4358809
359486
6285727
6556830
3663718
4555096
9526075
6847623
7098703
9161618
843994
3833108
1254806
414112
1911887
3945989
5977415
5940480
9357190
3259902
5113672
444261
5563471
6586897
9397576
4315021
8585579
5368160
8264395
183240
9712096
4614436
7241265
5340538
2781617
4311222
4077477
8458835
9784945
8384975
8437843
7279311
3362300
3266829
9984286
6191473
385873
6610378
9576394
2780370
685601
8814701
2801650
6909833
3151684
9564410
9314267
5716426
8141583
803774
3057466
9052219
7584980
2657262
9939006
1305074
8917069
5995774
3106082
2270326
4678167
7570585
208381
2471714
6435958
8118780
4710300
3381358
9566463
5497059
1909816
5091127
4671096
7908819
286458
5704091
7055341
4400905
6905976
2890138
8934733
4623036
4872593
5864659
6772454
1786586
6505394
4954142
5038624
8393943
6019708
2215166
9824293
8072828
2548147
4718238
5666037
6263654
2229621
731845
4252677
6353194
1886914
3473833
7795561
819186
1412999
6921233
8840156
9479809
2584236
8166312
6739388
1981770
3947544
2734530
8359335
1795370
4433982
1589464
3256301
3161196
5684603
7869414
7126742
9598765
4061798
4307347
5556704
7479121
2064958
1268947
6746541
4276991
266010
970716
9430528
557004
1210834
5419647
1846071
6744883
1786388
8828753
6211121
2875056
7604854
3920445
313569
6723493
2562854
8368849
7996177
4203835
9064624
8917923
3988201
1787020
5254530
8391102
2135815
9037598
5303835
1603621
2092905
6818991
860952
3357053
2264452
5582271
3171367
4164221
8058217
3342416
4012174
7112130
3667648
2876167
332369
2869063
418697
3789124
6794345
1070407
3057651
9611063
9697970
418420
6048044
2296656
9112866
2243192
6928253
1334609
7965941
5643928
7598251
942682
6396562
930012
9833802
9772153
7902401
7058705
6717822
5638271
3244474
6809964
1310287
3159740
2547996
3319640
6803878
636276
2165951
5165284
1949019
9990571
771555
4173499
6829726
1754507
5233869
3107531
5278228
3431551
3174044
7758089
4926877
9294935
2566758
281802
451796
2014923
9685397
5873787
3796923
9757812
5324189
5432505
7320560
7041044
6614562
2441245
7467572
4721220
7904975
8757309
4916495
3630271
8063519
9708672
404956
6840437
6925819
4244705
4317700
2609056
8907819
1733314
3228650
2240033
8156223
3118533
6488549
6351034
137504
8365722
193041
5558071
4074380
1879766
874414
5201322
3223018
2910932
4850461
897557
7846874
3117741
6982911
2273703
3156642
5132428
6825545
2067387
3672786
5212388
3935845
2054065
2521405
5773576
185201
2616005
5917236
263393
9104177
3135572
8653523
1916267
7779943
9506963
1489616
4309371
3568483
7039262
8878342
8386036
904737
6667043
3463375
4623651
138545
6337942
690951
4861982
1157241
1956180
9373700
4980791
8995389
6789503
1156745
710669
993792
4373661
8602914
3526329
788843
5402605
7304616
2010497
4075786
5204965
8667826
3646512
5038479
5550549
2077198
2932256
117755
1911595
6892026
4608190
8846704
8564033
596153
2103279
9254283
8950244
7805220
5886201
4086419
874305
4554159
41410
2197335
6044277
1715360
5584710
843159
1631697
4429159
1573100
4768087
9880829
6082060
3923287
4215208
7928015
8241480
6090422
7228092
1803563
6037759
6698856
4157926
4475232
1384883
7399833
3756074
4157264
9227632
7821507
2159182
967481
2438826
2189082
9498053
8245101
890530
2813460
1823239
7569354
526593
336919
1848014
743153
6598076
1529309
9235688
5986257
3797343
2116353
341065
9065733
1041677
2330000
638746
2451231
9830061
3409614
3216357
8744333
1122233
2900290
5147254
1021904
5945707
662177
7296336
8310955
7891551
7759908
4693903
6084673
7925887
2064030
5039466
2381252
3336224
6259474
577335
1400375
2325504
9082382
5838017
8591960
2827329
7119127
8614981
8073780
8533742
3924876
9509090
2339104
1133346
3652316
7532506
9591278
9377228
1744525
3078314
3015680
5185819
2722055
7885168
6428779
5820193
9175781
5279038
2419661
3209594
3547241
809675
1952216
3798899
736895
5174671
7465862
82470
2503750
2411443
3342481
7573791
5551102
8667210
1556723
9686138
9689864
8126810
7506539
2570036
8583121
8466946
7499839
6118818
468896
9222413
8701010
4860018
8596204
6467811
6817089
1708294
9830991
2050212
3185023
7675559
8767326
5112938
5325881
8802601
1777133
109951
9653990
849433
6165074
5882234
2759158
9667873
7590570
7928968
1604826
5263243
3445501
5738867
6590846
8850930
8451360
6171081
2078436
7787306
3971259
730162
6639112
2158078
4150079
1481722
3806372
5342643
4208610
9780760
1397564
7343065
2863305
4372540
5606962
3448156
604464
6296948
5140254
1193570
9710447
428591
2894382
7237452
6929192
7977610
2333469
1408518
2481015
4112253
277451
9110879
76836
1589815
3678268
7298045
976442
3257957
7875102
4780110
2875428
7642883
863690
1250584
5448557
7717357
3925811
8793649
1704403
8010021
8724809
9018411
6777633
5965444
4446224
6727958
7535071
3639040
2350239
9922679
7890506
1266789
8107632
6636826
9002634
8188490
119398
8208427
7744006
6207582
5248599
8895899
7170766
408205
8838914
4913449
6471526
9432663
5358732
6273578
5606006
9295435
1351181
5119493
2919137
8491277
1413712
1059912
8314324
5884057
5380650
8306067
4494777
3568071
4657816
9635121
2692360
7971754
9092608
5036660
4924745
6998061
5631285
4255873
4685948
4361929
2005312
5151860
1145774
6734465
1885269
4142452
6387222
7896628
7826980
163881
6104736
1570509
2853135
8375860
1371150
5078795
1401501
7267242
6779475
3947627
3526816
9178777
663059
9359890
1967779
717708
6918618
3015985
9975062
5616100
9633518
1563636
9861146
471128
6581151
6379025
8169961
4939161
649143
7769439
3697354
9906489
4041995
153376
4633150
7052470
4724769
1747290
3482731
5479273
3800278
2126644
6938396
9634248
8484710
5002635
2226091
5713795
3313435
5447803
4336377
8830451
7614909
2485999
9392350
3519324
187945
3656441
3053003
8734296
9230395
9892478
7249179
435418
266815
3918983
7771978
9340961
4928762
5292852
212765
7694386
2861
8342358
3923366
2926273
4529511
3586293
4941525
9784988
7282499
1958374
307017
2982926
3463671
5515911
9618412
345465
5093832
7623626
601272
1824988
1824348
4403378
2862976
9748321
2791734
6191069
5282783
5655541
454175
5595357
9300983
7156500
7508538
7967005
5807662
7370136
4333203
1216463
908596
6117758
8697488
658636
7748836
2747551
9718181
4194124
1994066
5381440
7443009
6686872
2979904
4991187
1501311
2407247
9743723
6888650
4630040
3743687
9579608
2699299
558163
4988695
3506019
1367792
3713655
6855375
5130879
8256218
1715913
2341688
2848774
5152496
6028608
1193634
1974514
1927203
1659814
9559248
4198424
5688083
7352919
2626726
3381568
2374414
7432561
9031421
7198590
5434465
8925373
375100
4816242
5858766
2431829
521080
8819437
4149969
9483296
8003866
3641664
4618819
1346184
3359476
9849871
4669596
5976208
1181710
9218760
1885444
6893488
7136868
8426570
5658150
5461634
8660638
4388124
4909941
7428237
6950353
5788347
746052
3367964
2132604
3578074
7278224
2863358
5484611
7542728
8665964
6503751
4676496
4848585
2824630
9747246
8733425
7929823
8522821
8134482
6652178
1105401
537631
6189380
3798201
8911875
2973784
1400442
762317
6960072
937505
4402043
2753003
2168935
5690698
818675
3904159
8144643
9717610
24389
3152593
4593311
6188638
1533655
3018637
8149070
4209171
4924637
5554024
6379237
6000579
4834384
3698391
2976526
931193
1235510
4361239
907299
4404
9748397
424587
9626690
6392470
5732190
1869106
2725201
409778
4906416
7204775
650100
7055945
7908168
920148
7187178
7118308
3342492
4941953
4981628
9137614
1785586
1735049
9286242
180609
3836974
2964930
6728942
894421
8223553
5934143
1184295
9115899
8522618
5736356
7701909
4651269
3144272
6728437
4385005
982840
9622467
3129945
3294334
6852262
778611
7359033
7991258
7574178
4538642
5844604
1465112
1131925
2501940
3301002
8536829
6852581
9110625
3071256
428258
4429448
5520655
1902611
1757886
507647
8868615
615742
1716920
7078860
9386657
8465633
1872580
3374066
4350082
7505159
7841427
2137768
9582828
8064372
5122255
9057659
6738761
9690604
8454723
3102118
7786420
7717811
6131164
6517626
9589580
4633794
4997808
771968
2956423
4591785
5915247
2161537
9619210
8613854
3046526
4727788
2410325
8885898
4199841
7212038
6541024